             nvtx         <PU>
lowPU1:     1.48338       0.16 
lowPU2:     1.45938       0.12 
highPU1:    1.56871       0.24
highPU2:    1.51661       0.20
